 jsb=2.de e=2.11111111111111111e
 e=3e ,-dddSie=2.111111111111111e
 e=3e ,-d111!1